function coeffs = coeffs_I1(Ns)
% Power series coeffs for p=1, k=0
%    
% % Compute on the fly:
% n = 1:Ns;
% coeffs = (-1).^n .* factorial(2*n) ./ ((1-2*n).*factorial(n).^2.*4.^n);
 
% % 80 terms symbolically computed:
% syms n
% c = (-1).^n .* factorial(2*n) ./ ((1-2*n).*factorial(n).^2.*4.^n)
% coeffs = subs(c, n, 1:80)
    coeffs = [ 1/2, -1/8, 1/16, -5/128, 7/256, -21/1024, 33/2048, -429/32768, 715/65536, -2431/262144, 4199/524288, -29393/4194304, 52003/8388608, -185725/33554432, 334305/67108864, -9694845/2147483648, 17678835/4294967296, -64822395/17179869184, 119409675/34359738368, -883631595/274877906944, 1641030105/549755813888, -6116566755/2199023255552, 11435320455/4398046511104, -171529806825/70368744177664, 322476036831/140737488355328, -1215486600363/562949953421312, 2295919134019/1125899906842624, -17383387729001/9007199254740992, 32968493968795/18014398509481984, -125280277081421/72057594037927936, 238436656380769/144115188075855872, -14544636039226909/9223372036854775808, 27767032438524099/18446744073709551616, -106168065206121555/73786976294838206464, 203236010537432691/147573952589676412928, -1558142747453650631/1180591620717411303424, 2989949596465113373/2361183241434822606848, -11487701081155435591/9444732965739290427392, 22091732848375837675/18889465931478580854784, -340212685864987900195/302231454903657293676544, 655531760569123027205/604462909807314587353088, -2528479647909474533505/2417851639229258349412352, 4880553738988055494905/4835703278458516698824704, -37713369801271337915175/38685626227668133590597632, 72912514949124586636005/77371252455336267181195264, -282139731759656009156715/309485009821345068724781056, 546270544470823336877895/618970019642690137449562112, -16934386878595523443214745/19807040628566084398385987584, 32831974560542341369497975/39614081257132168796771975168, -127388061294904284513652143/158456325028528675187087900672, 247282707219520081702971807/316912650057057350374175801344, -1921196417628579096307704039/2535301200456458802993406410752, 3733645868221578243767802189/5070602400912917605986812821504, -14519733931972804281319230735/20282409603651670423947251286016, 28247482376747091965475594339/40564819207303340847894502572032, -439853654152204717748119968993/649037107316853453566312041152512, 856557115980609187193707308039/1298074214633706907132624082305024, -3337619107096856488030652614083/5192296858534827628530496329220096, 6505528768070144002093644925755/10384593717069655257060992658440192, -50743124390947123216330430420889/83076749736557242056487941267521536, 98990685287257502667923298689931/166153499473114484112975882535043072, -386382997411553478155442552951021/664613997892457936451903530140172288, 754366804470175838303483079571041/1329227995784915872903807060280344576, -94295850558771979787935384946380125/170141183460469231731687303715884105728, 184239584937908329739504521356773475/340282366920938463463374607431768211456, -720209286575459834436244947121932675/1361129467683753853853498429727072845824, 1408170396140078183748478926462286275/2722258935367507707706996859454145691648, -11016862510978258731679276307028474975/21778071482940061661655974875633165533184, 21554730999740071431546410165925277125/43556142965880123323311949751266331066368, -84371375627553993889195948363764656175/174224571863520493293247799005065324265472, 165177763552535283811242772148778693075/348449143727040986586495598010130648530944, -2587784962323052779709470096997532858175/5575186299632655785383929568162090376495104, 5069222597427349965732249642063660256425/11150372599265311570767859136324180752990208, -19865872341269344460302059408087317221125/44601490397061246283071436545296723011960832, 38937109788887915142192036439851141753405/89202980794122492566142873090593446023921664, -305348913607594702957190180501990532697755/713623846352979940529142984724747568191373312, 598801116295412988916048276049358057628065/1427247692705959881058285969449495136382746624, -2349142840851235571901420159885943149156255/5708990770823839524233143877797980545530986496, 4609077725720778653730634490915458077458475/11417981541647679048466287755595961091061972992, -144725040587632449727141923014745383632196115/365375409332725729550921208179070754913983135744];
    coeffs = coeffs(1:Ns);
end
