function coeffs = coeffs_I5(Ns)
% Power series coeffs for p=5, k=0
%
% TODO: Derive closed form expression
%
% Precomputed up to Ns=50 using Mathematica
coeffs = [5/12,-(35/64),21/32,-(385/512),429/512,-(15015/16384),12155/12288,-(138567/131072),146965/131072,-(7436429/6291456),1300075/1048576,-(21729825/16777216),22621305/16777216,-(1502700975/1073741824),194467185/134217728,-(12856441675/8589934592),13254473925/8589934592,-(218257003965/137438953472),112137057175/68719476736,-(1841086593255/1099511627776),1886827875075/1099511627776,-(61807907059275/35184372088832),15801325804719/8796093022208,-(516581805154275/281474976710656),1581888283339091/844424930131968,-(8604776925855495/4503599627370496),4384809697849735/2251799813685248,-(214354554086311331/108086391056891904),72723180196134545/36028797018963968,-(9468558061536717759/4611686018427387904),601619036168022145/288230376151711744,-(78245864056911586035/36893488147419103232),79465280120136182181/36893488147419103232,-(3871984727422321818035/1770887431076116955136),654798961625859828687/295147905179352825856,-(10626123500068777921675/4722366482869645213696),32320205157173850518525/14167099448608935641088,-(349398428383342573500265/151115727451828646838272),88496787676831608672675/37778931862957161709568,-(2868138747278647279172505/1208925819614629174706176),2903929474697893019468475/1208925819614629174706176,-(47028572142185358380223225/19342813113834066795298816),23793784045064323438882965/9671406556917033397649408,-(385120733851930452498915975/154742504910672534362390528),389490898207697039193939135/154742504910672534362390528,-(25204012470976337391317945475/9903520314283042199192993792),3184701532372607112841303575/1237940039285380274899124224,-(205986495113860228058575515231/79228162514264337593543950336),208129611909762735433334604225/79228162514264337593543950336,-(3364014927267641997634789772289/1267650600228229401496703205376)];
coeffs = coeffs(1:Ns);
end