function coeffs = coeffs_I3(Ns)
% Power series coeffs for p=3, k=0
%
% coeffs = [];
% for n = 2:Ns+1
%     %B = 
%     B = factorial(2*n)/factorial(n)^2; % nchoosek(2*n,n);
%     coeffs(end+1) = (-1)^n*B/4^n;
% end
%
% Precomputed up to Ns=30 using Mathematica
coeffs = [3/8, -(5/16), 35/128, -(63/256), 231/1024, -(429/2048), 6435/32768, -(12155/65536), 46189/262144, -(88179/524288), 676039/4194304, -(1300075/8388608), 5014575/33554432, -(9694845/67108864), 300540195/2147483648, -(583401555/4294967296), 2268783825/17179869184, -(4418157975/34359738368), 34461632205/274877906944, -(67282234305/549755813888), 263012370465/2199023255552, -(514589420475/4398046511104), 8061900920775/70368744177664, -(15801325804719/140737488355328), 61989816618513/562949953421312, -(121683714103007/1125899906842624), 956086325095055/9007199254740992, -(1879204156221315/18014398509481984), 7391536347803839/72057594037927936, -(14544636039226909/144115188075855872)];
coeffs = coeffs(1:Ns);
end
